# Bundle file v0.3
24 2459
5.4172859333e+002 -1.9463650040e-001 1.5333273946e-001
9.9936487503e-001 -1.8809752516e-002 3.0266148699e-002
1.9478340112e-002 9.9956932097e-001 -2.1949187825e-002
-2.9840254913e-002 2.2524781686e-002 9.9930085229e-001
4.6644134438e-001 -3.0849178758e-001 -1.2155427676e+000
5.3014616327e+002 -7.5290700586e-002 -2.1266796923e-002
9.9638163154e-001 -2.9844186520e-002 -7.9579952670e-002
2.9432049549e-002 9.9954663157e-001 -6.3471080611e-003
7.9733297909e-002 3.9819407754e-003 9.9680827914e-001
-6.2546553143e-001 -2.3534459208e-001 -1.5145008878e+000
5.3160011458e+002 -1.0796236638e-001 5.7056725441e-002
9.7173246936e-001 3.9085675093e-002 -2.3282679828e-001
-3.8858247039e-002 9.9922923553e-001 5.5652051361e-003
2.3286486345e-001 3.6393507152e-003 9.7250229331e-001
-1.2874786367e+000 -1.8695355221e-002 -1.4308790958e+000
5.2698231009e+002 -9.7951225882e-002 4.3014345612e-002
9.1276946517e-001 7.3160626004e-002 -4.0186991210e-001
-6.8839536309e-002 9.9730929226e-001 2.5205035503e-002
4.0263261379e-001 4.6581516294e-003 9.1534981288e-001
-2.4897355538e+000 8.5386091812e-002 -1.6852832961e+000
5.2296845217e+002 -6.3270780802e-002 -2.0507547268e-002
8.6134697032e-001 5.7194890560e-002 -5.0478722371e-001
-4.3523622719e-002 9.9829692350e-001 3.8845164455e-002
5.0614927738e-001 -1.1488996037e-002 8.6236935937e-001
-4.1717441047e+000 1.3278664252e-002 -2.2280917547e+000
5.1969798973e+002 -5.0963642531e-002 -3.7158186283e-002
7.5542436962e-001 8.7156126893e-002 -6.4941345176e-001
-7.4221013265e-002 9.9611709865e-001 4.7349413550e-002
6.5101863489e-001 1.2431223535e-002 7.5895994736e-001
-5.6569317998e+000 1.9970242058e-001 -2.8738973869e+000
5.1786138887e+002 -7.4301841793e-002 2.7170664341e-002
6.1801805049e-001 1.7883415351e-001 -7.6555341735e-001
-1.2246886457e-001 9.8379560601e-001 1.3094877931e-001
7.7656620225e-001 1.2827748491e-002 6.2990505823e-001
-6.4417708004e+000 8.0831849483e-001 -3.2375036575e+000
5.2074843179e+002 -8.2471716402e-002 2.7147446131e-002
4.4789581444e-001 2.3809843112e-001 -8.6179955704e-001
-1.1462946533e-001 9.7122663996e-001 2.0875559756e-001
8.8670706837e-001 5.2868640562e-003 4.6230144276e-001
-7.0179259708e+000 1.3417680206e+000 -4.6272747255e+000
5.1358229096e+002 -5.6442365165e-002 -3.0865992357e-003
2.6667944359e-001 2.0158245573e-001 -9.4246834849e-001
-1.8944236642e-001 9.6976894199e-001 1.5381738833e-001
9.4498342005e-001 1.3752349868e-001 2.9680569930e-001
-7.5779418387e+000 1.0508471015e+000 -5.5636040278e+000
5.1061614114e+002 -2.8962834107e-002 -5.1361824202e-002
5.5753975795e-002 2.1237746906e-001 -9.7559587167e-001
-1.6166441287e-001 9.6614242776e-001 2.0108064773e-001
9.8526956301e-001 1.4650808823e-001 8.8200160375e-002
-7.7286597742e+000 1.4103446518e+000 -7.4679892261e+000
4.9109861406e+002 1.9444664842e-001 1.6099481022e-002
9.9913731744e-001 -2.5051337899e-002 3.3121765920e-002
2.9321675275e-002 9.9034818690e-001 -1.3546478529e-001
-2.9408506717e-002 1.3631910785e-001 9.9022837799e-001
-6.4778759095e-001 -6.0141920619e-001 -1.1471777001e+000
5.0447503878e+002 2.5279100483e-001 -8.8572805266e-002
9.8773816207e-001 7.4214867882e-002 -1.3735165300e-001
-9.5733083985e-002 9.8288948760e-001 -1.5736401046e-001
1.2332274660e-001 1.6858353579e-001 9.7794227418e-001
-1.0262098845e+000 -6.5818934006e-001 -1.1899656477e+000
5.2209888753e+002 3.2223737906e-001 -2.1978174321e-001
9.6858071477e-001 1.3282538691e-001 -2.1025892508e-001
-1.7285160439e-001 9.6739180711e-001 -1.8513620499e-001
1.7881197344e-001 2.1566295030e-001 9.5995612922e-001
-1.6751487538e+000 -7.6996442503e-001 -1.4448734713e+000
6.0834086884e+002 -9.5487790196e-001 5.4130205411e-001
9.3266120837e-001 -3.5630856036e-001 -5.6456002411e-002
2.9439859092e-001 8.4218263756e-001 -4.5172765541e-001
2.0850069559e-001 4.0468829339e-001 8.9036781452e-001
-7.8166889095e-001 -3.1539656435e+000 1.5245182263e-001
5.1187268480e+002 -8.8034514232e-002 -1.0328606503e-001
9.6920562746e-001 4.5756022081e-002 -2.4196453900e-001
-1.3690858290e-001 9.1685194983e-001 -3.7501805558e-001
2.0468632494e-001 3.9659663202e-001 8.9488246147e-001
-1.2251467500e+000 -3.0883385091e+000 -1.6079767929e+000
4.9853249000e+002 -3.9997374134e-002 -7.0851871348e-002
9.2339318421e-001 7.5136384877e-002 -3.7643000814e-001
-2.2945548410e-001 8.9420709679e-001 -3.8437462047e-001
3.0772586530e-001 4.4130283447e-001 8.4294519402e-001
-2.5009649394e+000 -3.1998431916e+000 -1.5684968670e+000
5.1633939432e+002 -8.6049392107e-002 5.9893767005e-002
7.5854415910e-001 1.5310493971e-001 -6.3337953561e-001
-3.9856104900e-001 8.7799663787e-001 -2.6508676712e-001
5.1551900927e-001 4.5352043098e-001 7.2702088675e-001
-4.5713802491e+000 -2.4482625168e+000 -2.5731973716e+000
5.1428315281e+002 -8.7248964375e-002 6.5873859149e-002
5.6010651101e-001 1.6979400559e-001 -8.1083333182e-001
-4.8651356722e-001 8.5962141496e-001 -1.5606271769e-001
6.7051118204e-001 4.8189316099e-001 5.6408663887e-001
-6.3600998375e+000 -1.7574829487e+000 -3.5831671934e+000
5.1383280686e+002 -1.2899428733e-001 6.6331610828e-002
2.2910252631e-001 2.4375114938e-001 -9.4238920283e-001
-6.0275205182e-001 7.9572334423e-001 5.9281729640e-002
7.6433107778e-001 5.5444543160e-001 3.2922373383e-001
-7.5835041186e+000 2.2350002204e-001 -5.4455521781e+000
5.1779053826e+002 -2.3472313891e-001 3.0417988578e-001
-6.2225934822e-002 3.3658942261e-001 -9.3959325967e-001
-6.6052439802e-001 6.9186845030e-001 2.9159143867e-001
7.4822152646e-001 6.3876882209e-001 1.7927336466e-001
-7.6098756826e+000 2.0646906909e+000 -6.5649383361e+000
5.3199374625e+002 -1.7160553867e-001 -4.6977520113e-002
-6.7856463378e-001 -5.0640420130e-001 5.3207595575e-001
6.4153254911e-001 -7.6137410048e-001 9.3517204583e-002
3.5775134690e-001 4.0480151189e-001 8.4151631580e-001
3.8476537949e+000 1.2433741914e+000 -1.0197600589e+000
5.3133755529e+002 -1.8935054388e-001 1.9565061607e-001
6.8510451840e-001 1.3206266467e-001 -7.1637368145e-001
-4.5643472423e-001 8.4426161727e-001 -2.8087303914e-001
5.6771396089e-001 5.1940521195e-001 6.3868543463e-001
-5.1659038293e+000 -3.5551959425e+000 -2.5036109984e+000
2.1854781988e+002 -2.3904530939e-001 3.8681146034e-002
-7.8474241602e-001 8.7294919325e-002 6.1364398275e-001
3.7219947067e-001 -7.2529106131e-001 5.7915492782e-001
4.9562777821e-001 6.8288540286e-001 5.3667553700e-001
4.6417755545e+000 4.0044410958e+000 -2.8205682093e-001
3.8194749131e+002 -1.1129361253e-001 -1.4469690168e-002
-5.6684548248e-002 5.2718560447e-001 8.4785741751e-001
-2.7326269103e-001 -8.2498701026e-001 4.9469580006e-001
9.6026786038e-001 -2.0364619157e-001 1.9082417294e-001
6.4090542830e+000 3.4530389268e+000 -4.5221125037e+000
-1.7373898777e+000 1.1622468784e+000 -5.4012952727e+000
48 94 144
2 0 8 -119.1000 76.2200 1 17 -146.7600 68.6400
-8.8862754284e-001 -3.8085208277e-001 -4.8325292385e+000
165 161 152
2 0 13 -50.2400 -53.8800 1 29 -92.0000 -50.3600
6.1685048756e+000 -9.2737544581e-001 -1.4101590226e+001
154 156 160
2 0 15 211.1400 -28.6000 1 14 230.8500 -29.6200
1.5958961580e+000 -2.3404580257e+000 -6.8660854267e+000
235 235 235
2 0 19 122.6500 -158.6200 1 22 100.5900 -158.9000
-2.1931023920e+000 -7.3673536342e-001 -6.1904395582e+000
34 84 143
2 0 23 -137.7400 -68.8400 1 37 -153.6200 -66.9300
1.4168795933e+000 -2.6457612249e-001 -6.2446028523e+000
26 93 175
9 0 24 123.2400 -28.5500 1 15 89.3600 -28.9700 2 16 112.6600 -27.3900 3 12 98.6300 -32.5000 4 17 13.8300 -41.4400 5 11 -43.7600 -35.9000 6 5 -71.3400 -37.2500 7 9 -87.9500 -32.9500 8 14 -113.8300 -37.7600
6.8816066943e+000 -1.4359150028e-001 -1.2697822996e+001
21 20 18
2 0 26 256.9200 -2.4000 1 30 275.5500 -2.7200
1.1185349062e+000 8.8484357713e-001 -5.7283050849e+000
29 103 180
7 0 28 106.2900 53.6200 1 31 68.1700 51.8500 2 19 90.6200 62.8900 3 18 73.9700 61.1800 4 21 -18.6200 50.8000 5 19 -80.7400 58.9600 6 14 -106.4100 68.4700
-4.1747197624e-001 -5.1627346150e-001 -4.5885372956e+000
34 82 141
2 0 36 -7.4500 -68.1400 1 57 -57.0900 -63.4800
-1.1212078769e+000 -3.0724073899e-001 -5.1483189640e+000
174 170 161
2 0 39 -68.4700 -44.5800 1 59 -103.8100 -42.6500
-1.1212078769e+000 -3.0724073899e-001 -5.1483189640e+000
174 170 161
2 0 40 -68.4700 -44.5800 1 60 -103.8100 -42.6500
-6.0977609243e-001 6.8712583602e-001 -4.5405330986e+000
133 134 129
2 0 42 -27.7800 43.5000 1 69 -77.5100 40.8100
-1.2369504391e+000 1.7192364231e+000 -4.8227918888e+000
43 83 142
2 0 47 -84.8100 133.5500 1 42 -125.0100 120.9600
-2.0568431196e+000 2.0860173678e+000 -5.8445671956e+000
49 90 142
2 0 48 -137.3500 142.1900 1 44 -158.7700 127.3000
-2.0585330236e+000 2.7227220998e+000 -5.9491294366e+000
49 91 147
3 0 50 -136.7700 185.5500 1 45 -154.7700 169.2000 2 51 -123.1600 187.9300
1.0278828302e+000 -2.1766252158e+000 -6.1350495890e+000
230 231 233
4 0 54 96.1500 -166.0000 1 49 65.3700 -162.6600 2 54 78.4400 -165.6600 3 58 56.5200 -175.2700
2.8203707613e-001 -1.7297558058e+000 -5.4495078085e+000
47 99 174
3 0 55 48.9000 -151.9700 1 50 10.7600 -146.3200 2 39 14.8600 -141.1700
-3.0847250797e+000 -1.6917781462e+000 -7.1952181423e+000
59 57 46
2 0 58 -176.6300 -119.5300 1 51 -180.0900 -115.7900
-5.3517990152e+000 -1.1789396464e+000 -1.0135609356e+001
215 208 191
2 0 64 -240.5900 -63.8600 1 58 -221.5900 -65.1500
1.7031929503e+000 4.2169914571e-002 -6.2277195962e+000
182 185 186
2 0 69 141.3000 -7.2900 1 65 109.1000 -6.8000
-8.6785893705e-001 -2.3026315313e+000 -5.2000694988e+000
216 216 213
3 0 86 -42.2100 -206.3100 1 80 -77.8100 -195.1700 2 84 -78.9200 -180.7200
-4.2398122465e+000 -1.9253457566e+000 -7.0475494430e+000
207 202 193
3 0 88 -249.7600 -135.7100 1 84 -246.4200 -130.3800 2 90 -216.0300 -103.2700
-3.5911680547e-001 -1.3813285512e-001 -4.4886329859e+000
142 152 170
3 0 98 -2.4300 -33.6000 1 142 -54.7600 -31.4700 2 137 -53.8700 -15.1300
1.3769160639e+000 1.0739583410e-002 -6.0994924148e+000
23 86 173
2 0 101 120.9600 -10.2500 1 64 87.0700 -10.0200
6.5569194686e+000 -3.2685475996e-001 -1.3444236222e+001
149 145 146
2 0 102 233.4700 -7.8700 1 96 252.5000 -9.8900
6.5852490288e+000 2.1115040909e+000 -1.2523150287e+001
30 32 28
2 0 105 248.5100 82.5700 1 108 264.2000 82.7300
6.5852490288e+000 2.1115040909e+000 -1.2523150287e+001
30 32 28
2 0 106 248.5100 82.5700 1 109 264.2000 82.7300
-1.7584473786e+000 2.2424514333e+000 -5.3702854077e+000
168 168 158
2 0 110 -121.8300 164.1000 1 157 -150.8200 148.8500
6.4351052041e-001 -1.6799920106e+000 -5.8302835971e+000
81 128 182
9 0 118 73.5900 -137.9300 1 83 38.8200 -134.6200 2 88 46.9400 -133.8900 3 59 23.7000 -139.3100 4 66 -57.7400 -144.5000 6 46 -149.6800 -133.5700 7 46 -159.6400 -120.6100 8 76 -165.2200 -116.5700 9 135 -158.1400 -99.1700
7.7093395655e+000 -2.6966351783e+000 -1.3726518570e+001
4 4 4
2 0 123 265.6400 -86.8900 1 132 290.3000 -92.2900
7.7093395655e+000 -2.6966351783e+000 -1.3726518570e+001
4 4 4
2 0 124 265.6400 -86.8900 1 133 290.3000 -92.2900
-1.3221760345e-001 -4.3406157607e-001 -4.6363469469e+000
30 117 180
3 0 126 18.8900 -57.5900 1 137 -32.5600 -56.2100 2 101 -31.5400 -43.1500
-2.8386507836e-001 -3.2363411398e-001 -4.5356383972e+000
130 145 171
3 0 127 4.8600 -50.3700 1 194 -47.0000 -47.4900 2 187 -46.7000 -31.8500
-1.4117405771e+000 -4.1617775477e-001 -5.4030736381e+000
39 94 145
3 0 128 -89.5700 -50.8500 1 191 -120.1600 -49.3700 2 267 -106.8000 -32.0800
-1.3994905388e+000 -4.0267723069e-001 -5.3423100467e+000
39 94 145
2 0 129 -89.5700 -50.8500 1 192 -120.1600 -49.3700
-1.2027840276e+000 2.0887052277e-001 -5.0864659520e+000
54 114 159
2 0 134 -77.0200 -0.6600 1 206 -112.7500 -2.7100
1.2783638914e+000 3.3790085234e-001 -5.9413369693e+000
28 83 165
2 0 136 116.4100 13.5400 1 207 80.1900 13.0900
6.5868503712e+000 4.3525581208e-001 -1.3274165197e+001
150 149 145
2 0 137 236.9300 19.1000 1 147 255.2300 17.8500
9.7301347483e-001 4.4263266299e-001 -5.5695698607e+000
126 157 189
8 0 138 99.6600 23.2000 1 102 58.8100 20.8900 2 110 77.8500 28.3000 3 70 54.9800 25.9100 4 75 -39.6300 15.3300 5 68 -101.2500 24.0800 6 58 -129.3900 33.9200 7 66 -137.0000 40.3500
6.6210886641e+000 1.7545237085e+000 -1.3036665190e+001
144 137 119
2 0 141 241.1600 67.2100 1 148 258.2800 66.8700
6.6210886641e+000 1.7545237085e+000 -1.3036665190e+001
144 137 119
2 0 142 241.1600 67.2100 1 149 258.2800 66.8700
1.5321810301e+000 1.1889729365e+000 -5.9081746177e+000
171 171 174
4 0 143 135.1700 77.6400 1 107 96.9300 73.6600 2 112 124.7800 82.5800 9 110 -130.9100 92.7000
-9.9397447065e-004 1.0081310638e+000 -4.2341446898e+000
37 111 177
3 0 144 31.4700 79.1100 1 151 -28.9900 73.7000 2 148 -25.4800 91.9400
1.4165656445e+000 1.3479313152e+000 -5.7526109924e+000
29 100 174
14 0 146 127.1600 90.3700 1 152 87.8900 87.6300 2 149 115.6800 97.6400 3 140 99.4900 97.1800 4 150 2.6900 86.3900 5 151 -59.7500 95.9600 6 136 -82.0100 109.3600 7 143 -95.1900 110.6700 8 148 -135.4600 107.2200 9 154 -142.8200 105.9500 16 148 35.3900 -29.5100 15 166 98.4600 -10.1400 14 166 136.2000 9.0500 21 146 14.3300 -161.0100
-2.3759766170e+000 1.7365596315e+000 -6.0842384300e+000
190 181 167
2 0 147 -156.5200 111.1100 1 223 -172.9000 99.6900
6.5384363184e+000 3.9335043587e+000 -1.2296527695e+001
139 105 56
2 0 150 248.7700 152.8100 1 159 262.5700 154.0800
-1.4303837369e+000 2.2538127254e+000 -4.9720587375e+000
43 89 145
2 0 151 -100.2200 175.5400 1 232 -137.0800 159.8200
6.8673987077e-001 -2.1901199013e+000 -5.8640861042e+000
225 228 234
4 0 153 75.3000 -173.1300 1 169 42.2500 -169.3800 2 121 49.8000 -171.1700 3 116 25.2400 -177.6100
1.2593968640e+000 -2.0601697113e+000 -6.7331488899e+000
109 137 191
4 0 157 103.3200 -145.7000 1 125 79.3700 -142.9200 2 85 96.8700 -147.5800 3 80 86.3600 -157.8500
2.1292063795e+000 -2.0718854003e+000 -7.5622525448e+000
225 223 226
4 0 159 144.6900 -128.8900 1 258 125.8700 -129.2700 2 171 154.4000 -139.3500 3 117 157.2400 -156.0100
1.4361977892e+000 -1.6262483762e+000 -6.7377904012e+000
92 128 199
4 0 160 115.3000 -116.6600 1 174 89.6700 -115.2800 3 120 100.5700 -129.5200 4 122 27.1300 -137.8700
-3.7358874651e+000 -1.6835897913e+000 -7.5323075849e+000
210 206 203
2 0 162 -208.9500 -113.7100 1 262 -206.9900 -111.7500
-4.9811296653e-001 -1.0377928869e+000 -4.7462472713e+000
115 136 158
2 0 165 -13.9600 -112.2900 1 180 -59.9100 -105.9300
1.2009752484e+000 -1.4386743487e+000 -6.3646573990e+000
120 141 164
3 0 166 104.8200 -110.5200 1 129 76.0700 -108.5000 2 127 93.7200 -110.4800
-4.9104904924e-001 -9.1453318834e-001 -4.7881327987e+000
34 90 143
2 0 172 -13.6000 -100.7600 1 183 -58.9800 -94.8300
-1.4467918651e-001 -7.7810827077e-001 -4.7048913015e+000
45 106 179
3 0 175 17.7700 -88.5200 1 134 -31.7900 -84.4500 2 129 -31.9300 -72.3100
-3.4304102287e-001 -7.5000648532e-001 -4.6186165515e+000
29 89 147
2 0 177 -0.1400 -88.4200 1 270 -49.7100 -83.6200
-1.4360830599e+000 -5.5104444920e-001 -5.4130337962e+000
192 179 164
2 0 180 -91.4700 -62.7700 1 402 -120.7700 -59.4500
6.8282934403e+000 -1.7664429531e+000 -1.2823055763e+001
14 13 12
2 0 181 252.9300 -60.7400 1 187 272.7400 -64.4400
-1.5100436105e+000 -2.7586257258e-001 -5.4122109198e+000
121 141 162
2 0 185 -98.0600 -40.0400 1 292 -126.9300 -39.5100
-4.0335631721e-001 8.1185865467e-002 -4.4889602052e+000
25 100 157
2 0 187 -7.0700 -13.1000 1 308 -59.1400 -12.0100
-2.4351036443e-001 1.9163282101e-001 -4.4174553804e+000
129 157 176
2 0 188 8.2700 -2.2600 1 205 -46.6100 -2.1800
6.7274372660e+000 7.0769265893e-001 -1.2849650187e+001
48 45 36
2 0 189 248.6700 29.2900 1 208 266.4200 28.7300
1.2905250623e+000 7.2970557663e-001 -5.8200834810e+000
22 102 177
7 0 191 118.7700 42.6800 1 212 80.6000 41.5000 2 142 104.7500 49.2000 3 103 87.6200 46.8700 4 144 -5.2400 35.9800 5 108 -67.6400 45.6200 7 105 -105.6200 58.0600
6.6598082680e+000 1.4081290154e+000 -1.2904916194e+001
32 31 26
2 0 193 244.9800 54.9800 1 214 262.1600 54.6000
6.6598082680e+000 1.4081290154e+000 -1.2904916194e+001
32 31 26
2 0 194 244.9800 54.9800 1 215 262.1600 54.6000
6.9635766849e+000 1.6439503178e+000 -1.2074882319e+001
21 22 21
2 0 195 270.7500 67.0600 1 217 286.9600 66.8900
6.9635766849e+000 1.6439503178e+000 -1.2074882319e+001
21 22 21
2 0 196 270.7500 67.0600 1 218 286.9600 66.8900
-2.0415913891e-001 1.0866884237e+000 -4.2254208863e+000
35 101 167
3 0 197 11.1600 86.3400 1 219 -47.9500 79.9700 2 202 -43.7600 100.0800
-1.9716659743e-002 1.2108636962e+000 -4.1695153590e+000
12 123 202
4 0 198 29.6300 99.7100 1 222 -32.4500 93.4100 2 205 -27.3800 112.6800 3 191 -71.0700 113.1800
6.0443826719e-001 1.7470004009e+000 -4.6578648639e+000
26 82 164
14 0 200 82.6200 140.9100 1 228 25.9100 133.7300 2 206 41.0100 151.0100 3 193 5.1600 151.5700 4 190 -105.1600 133.6600 5 203 -173.4900 142.1100 6 192 -195.3500 163.7000 7 199 -188.2200 162.7100 11 197 34.7500 170.3600 12 197 13.0100 169.6200 10 291 -21.2900 163.0600 16 155 -96.9000 7.4700 20 96 11.9100 -17.9200 22 110 185.5500 33.4600
2.0665962861e-001 1.8628014114e+000 -4.2090962630e+000
134 153 165
6 0 205 49.1400 164.0900 1 231 -13.7900 153.9800 2 158 -4.3300 174.4900 3 145 -46.6100 174.2700 11 142 -9.8300 190.1000 12 146 -34.2800 189.2300
6.5089323252e+000 5.1582355226e+000 -1.3094667668e+001
219 216 205
2 0 207 232.3100 189.0900 1 163 247.2100 189.9200
5.6930499686e+000 5.3049512649e+000 -1.3285506322e+001
44 45 50
3 0 208 201.8200 192.6900 1 236 214.3300 192.5200 2 159 296.7700 195.4100
-4.4964032238e-001 -2.0364492097e+000 -4.8656238614e+000
28 110 166
2 0 213 -8.0100 -194.8300 1 248 -51.1300 -184.0600
8.6536490461e-001 -2.2853167988e+000 -5.5244556952e+000
45 62 101
2 0 216 93.3300 -189.9500 1 244 56.1200 -185.1500
1.0733583620e+000 -2.3133840348e+000 -5.6563536836e+000
45 78 118
4 0 218 107.5400 -187.8400 1 246 70.5300 -183.5700 2 227 76.6000 -188.0700 3 199 48.3800 -196.6100
1.0733583620e+000 -2.3133840348e+000 -5.6563536836e+000
45 78 118
4 0 219 107.5400 -187.8400 1 247 70.5300 -183.5700 2 228 76.6000 -188.0700 3 200 48.3800 -196.6100
3.3773415311e-001 -2.2412421473e+000 -5.5559081637e+000
226 225 228
2 0 220 52.5000 -187.6700 1 251 16.4600 -181.2600
5.0237917344e-001 -2.2222224241e+000 -5.7766342727e+000
233 230 239
2 0 222 62.7800 -179.1900 1 255 29.0300 -175.0000
-3.4251790982e+000 -1.8305266541e+000 -7.3114578899e+000
205 206 189
2 0 227 -194.7900 -126.9300 1 375 -195.4400 -121.5200
2.6110571447e+000 -2.0218911220e+000 -7.6895276423e+000
211 211 211
4 0 228 169.3400 -123.7600 1 259 153.7600 -124.3300 2 244 184.9700 -136.5800 3 159 191.4400 -155.0600
2.6110571447e+000 -2.0218911220e+000 -7.6895276423e+000
211 211 211
4 0 229 169.3400 -123.7600 1 260 153.7600 -124.3300 2 245 184.9700 -136.5800 3 160 191.4400 -155.0600
9.2931635773e-001 -1.5233397651e+000 -6.1945764521e+000
154 170 212
9 0 230 89.8100 -119.7600 1 173 58.1400 -117.0500 2 174 72.3400 -117.1500 3 161 54.3100 -123.6900 4 166 -24.6400 -131.6600 5 174 -78.9800 -124.5100 6 109 -111.3800 -129.0700 7 122 -126.2000 -118.5200 8 166 -135.2400 -118.3800
2.3085121405e+000 -1.2235807769e+000 -7.4189844153e+000
133 153 184
2 0 238 156.5600 -80.5800 1 185 138.7500 -80.9800
6.3935998719e+000 -2.6261133972e+000 -1.5030145193e+001
10 9 7
2 0 239 205.6900 -79.3800 1 271 228.6000 -83.6000
2.4629963244e-001 -7.3428790276e-001 -5.1499784603e+000
50 116 178
6 0 242 48.5200 -77.7800 1 273 4.0800 -74.4700 2 253 10.1500 -65.6700 3 226 -21.2900 -66.1200 4 224 -111.8100 -74.2400 5 330 -170.0700 -61.8000
-2.3520192819e-001 -6.3642513778e-001 -4.6100984138e+000
123 156 192
3 0 243 9.7100 -77.8900 1 275 -41.0700 -73.7600 2 255 -41.5000 -59.7800
6.7086391656e+000 -1.9902059837e+000 -1.3122010344e+001
57 45 28
2 0 245 243.7200 -67.4400 1 276 263.8500 -71.4200
-4.8059558270e+000 -1.1659173624e+000 -9.5273542620e+000
217 215 191
4 0 246 -228.7000 -66.7100 1 395 -211.4900 -67.7700 2 377 -164.7800 -47.7500 13 145 -222.8600 -64.6400
2.0747849568e-002 -4.3328580262e-001 -4.8157112753e+000
23 111 192
7 0 249 32.0500 -56.1600 1 283 -16.8200 -53.5800 3 239 -50.0700 -40.6000 5 242 -202.2500 -36.5700 6 251 -230.4000 -20.5300 7 352 -222.5100 -6.5100 8 349 -223.5500 -8.6800
-1.7847702053e+000 -4.4570943069e-001 -5.7170115335e+000
187 180 165
2 0 251 -115.3500 -51.3600 1 405 -138.6600 -50.2400
-6.3315213166e-001 -3.1594308931e-001 -4.7086361883e+000
180 179 162
3 0 253 -27.5800 -48.1200 1 288 -73.8900 -45.7600 2 269 -70.5300 -29.5200
-3.9626343401e-003 -1.5935822849e-001 -4.6520100695e+000
53 99 156
3 0 255 29.8800 -33.3400 1 295 -21.7200 -31.7000 2 274 -19.2800 -18.3200
-3.9626343401e-003 -1.5935822849e-001 -4.6520100695e+000
53 99 156
3 0 256 29.8800 -33.3400 1 296 -21.7200 -31.7000 2 275 -19.2800 -18.3200
4.7074880263e-001 -1.0544817426e-001 -5.1942316597e+000
180 191 212
10 0 259 65.1200 -24.0700 1 199 20.5800 -23.6300 2 191 31.1700 -14.3900 3 174 1.9200 -15.7000 4 179 -92.6100 -25.7000 5 253 -153.6700 -14.7800 6 172 -182.7500 -3.0500 7 248 -183.5700 7.9500 8 255 -196.9000 4.8400 9 348 -181.4600 13.4400
-1.4447083515e+000 5.2497683017e-002 -5.3106820065e+000
121 147 170
2 0 266 -94.6500 -13.5500 1 306 -125.3600 -15.0300
3.5858264487e-001 5.0346557554e-002 -5.0229645588e+000
157 174 190
7 0 267 57.9200 -12.0200 1 309 10.7900 -11.6000 2 194 19.9500 -0.7900 3 179 -11.9900 -1.3900 4 181 -108.2700 -12.2200 5 260 -170.0100 -1.2100 7 256 -195.2300 23.3000
3.5969601841e-001 5.0486213042e-002 -5.0213551807e+000
157 174 190
10 0 268 57.9200 -12.0200 1 310 10.7900 -11.6000 2 195 19.9500 -0.7900 3 180 -11.9900 -1.3900 4 182 -108.2700 -12.2200 5 261 -170.0100 -1.2100 6 176 -197.7800 12.8600 7 257 -195.2300 23.3000 8 260 -207.7900 19.6500 9 358 -188.9000 26.7300
1.0716582937e+000 4.2559781487e-002 -5.8013233088e+000
179 186 200
10 0 269 104.1900 -10.5300 1 311 66.2800 -10.1800 2 193 85.6100 -4.2200 3 135 65.7100 -7.3500 4 140 -24.8300 -16.5000 5 103 -84.6200 -8.1600 6 90 -112.7800 -2.7900 7 98 -124.0500 4.4700 8 138 -148.3000 0.4500 9 206 -147.8400 7.8600
7.0796976492e-002 1.1512042564e-001 -4.6822409426e+000
20 104 179
11 0 270 34.5900 -9.4300 1 312 -16.8700 -8.9700 2 288 -12.1600 4.6600 3 258 -48.3700 5.4700 4 249 -146.4300 -6.1600 5 263 -206.4200 5.7600 6 274 -233.1700 23.7800 7 378 -223.6000 34.8800 11 362 -25.2800 19.5600 12 331 -51.0600 20.3100 10 378 -61.0700 16.4900
2.0845484531e-001 1.2033071604e-001 -4.8259618865e+000
23 102 172
9 0 272 46.2500 -6.8200 1 313 -3.2300 -6.7000 2 289 4.2500 5.8400 3 259 -30.5600 5.9700 4 250 -128.1300 -5.2600 5 264 -189.5200 6.0500 6 272 -217.0500 22.4900 7 259 -211.0400 32.9100 8 371 -221.4900 29.0400
9.5614558470e-001 2.1502307214e-001 -5.6748984290e+000
31 108 178
4 0 274 97.1500 4.0700 1 316 57.6800 3.4700 2 198 76.4800 10.3300 3 182 55.0700 6.7200
1.1530783892e-001 2.7587554949e-001 -4.6768325712e+000
12 112 203
3 0 276 39.6500 6.5900 1 320 -12.2400 6.3000 7 265 -220.2800 47.6800
2.9971538546e-001 3.1081824058e-001 -4.8714038455e+000
14 105 179
11 0 277 54.3500 10.5600 1 430 4.0200 9.5300 2 298 12.9800 22.1500 3 267 -20.8700 21.9900 4 259 -119.5600 10.0400 5 269 -181.5900 20.8300 6 281 -208.5700 37.3300 7 381 -203.1600 46.3700 8 381 -215.5900 41.9400 16 291 -106.5700 -89.2300 17 411 -185.3300 -75.2500
2.0612261313e-001 4.6940376782e-001 -4.7203912705e+000
16 109 195
6 0 279 47.0200 24.2500 1 323 -4.6900 22.9800 2 304 3.0000 36.9100 7 272 -212.8700 61.2700 8 390 -225.9000 56.1600 9 374 -200.2100 59.0200
2.0496556815e-001 4.6890428006e-001 -4.7457634637e+000
16 109 195
3 0 280 47.0200 24.2500 1 324 -4.6900 22.9800 2 305 3.0000 36.9100
5.4244257327e-001 5.0688631527e-001 -5.0930520423e+000
21 111 187
12 0 281 75.0000 28.5500 1 327 26.9000 27.0900 2 306 40.1200 38.3300 3 272 9.6100 37.5200 4 262 -89.5600 25.5300 5 274 -152.5600 35.3300 6 288 -179.5500 50.0200 7 268 -179.1900 57.3000 8 267 -199.0100 52.5700 11 385 16.8700 46.5400 12 349 -5.3300 45.2600 10 401 -26.4800 45.7100
5.7180279207e-001 5.2089773438e-001 -5.0878823822e+000
21 111 187
5 0 282 75.0000 28.5500 1 328 26.9000 27.0900 2 307 40.1200 38.3300 7 269 -179.1900 57.3000 8 268 -199.0100 52.5700
1.4003848402e-001 5.4277825254e-001 -4.6319665306e+000
169 186 208
10 0 283 41.9100 31.5200 1 329 -11.8500 29.6800 2 308 -5.5100 44.7500 3 277 -43.3400 45.5700 7 393 -219.6900 68.8000 8 392 -230.9200 63.1900 9 564 -203.9500 65.1100 16 418 -130.8500 -73.8400 17 609 -210.5300 -56.2000 15 471 -54.7900 -92.8300
6.6050594461e+000 9.3346594976e-001 -1.3014236608e+001
145 139 126
2 0 284 241.6000 37.5900 1 330 259.1000 36.3800
5.3161414788e+000 3.0943904116e+000 -1.1181724254e+001
24 24 25
3 0 290 224.7900 130.7300 1 335 231.6200 131.3700 2 315 306.4900 129.6700
5.2473842209e+000 3.0639541409e+000 -1.1022398916e+001
24 24 25
2 0 291 224.7900 130.7300 1 336 231.6200 131.3700
7.3613368110e+000 4.6710686108e+000 -1.3715251687e+001
78 49 31
2 0 293 250.9800 164.9100 1 339 269.7000 166.6000
-9.7958182661e-001 2.1031072754e+000 -4.6931867164e+000
49 78 144
3 0 294 -63.2100 170.9300 1 454 -108.0100 156.6100 2 607 -89.8400 176.4300
5.3925012444e+000 4.9351558467e+000 -1.3181882515e+001
187 191 185
3 0 296 193.4500 181.9500 1 234 205.8000 179.9800 2 211 284.8800 181.8900
5.1264770872e+000 4.9861282410e+000 -1.3168482623e+001
17 22 24
3 0 297 184.3200 182.9900 1 340 195.8700 181.8800 2 214 274.2200 184.6500
-1.3960558586e+000 2.5015063879e+000 -4.8843295806e+000
41 35 30
2 0 299 -98.4500 199.4400 1 463 -137.0600 181.1600
-2.4416731723e+000 -2.5273501040e+000 -5.0373456893e+000
221 215 212
3 0 302 -172.5700 -230.3500 1 354 -197.4800 -214.0000 2 460 -194.1800 -186.0000
7.5312489582e-001 -2.5021642239e+000 -5.5283999748e+000
228 226 226
2 0 309 84.6000 -206.6600 1 356 48.1200 -200.4900
1.7344956396e-001 -2.4379843014e+000 -5.4836156765e+000
215 222 224
3 0 310 40.8200 -204.4900 1 358 3.6300 -197.6500 2 224 5.1700 -194.3800
1.1725661960e+000 -2.3984339241e+000 -5.6774321743e+000
211 211 213
4 0 317 114.7000 -192.8100 1 364 77.7100 -189.0000 2 330 83.9900 -194.9000 3 288 56.1100 -204.6500
1.6670603410e-001 -2.2703066290e+000 -5.5080344443e+000
167 174 194
5 0 318 40.0700 -191.7400 1 367 3.1500 -184.8200 2 336 5.1400 -180.7500 3 302 -22.4700 -181.8900 4 285 -103.6500 -186.0300
4.1023845711e+000 -2.5072002876e+000 -5.9374537627e+000
227 221 218
2 0 323 308.4700 -182.1800 1 365 287.4000 -184.1800
4.1023845711e+000 -2.5072002876e+000 -5.9374537627e+000
227 221 218
2 0 324 308.4700 -182.1800 1 366 287.4000 -184.1800
2.8778185458e+000 -2.1507391835e+000 -7.3930485141e+000
203 201 202
7 0 330 192.8400 -136.5800 1 256 173.6500 -136.6100 2 242 203.6100 -151.5300 3 157 205.7800 -171.7700 13 205 229.3700 -53.7900 15 138 172.7600 -183.6200 14 142 190.6700 -157.8700
2.8778185458e+000 -2.1507391835e+000 -7.3930485141e+000
203 201 202
7 0 331 192.8400 -136.5800 1 257 173.6500 -136.6100 2 243 203.6100 -151.5300 3 158 205.7800 -171.7700 13 206 229.3700 -53.7900 15 139 172.7600 -183.6200 14 143 190.6700 -157.8700
4.6023419486e-001 -1.6135329586e+000 -5.6941536829e+000
219 221 225
10 0 333 61.3300 -136.2800 1 369 24.5700 -132.3900 2 343 32.3000 -129.4200 3 216 7.3600 -132.9900 4 292 -75.6500 -139.5200 5 317 -131.1900 -128.3600 6 340 -165.0000 -125.2700 7 308 -171.9000 -110.3200 8 320 -174.5700 -107.1100 23 288 54.2400 139.6300
-3.7595804540e+000 -1.9289303331e+000 -7.1451050092e+000
205 202 197
3 0 335 -218.0500 -134.7400 1 372 -217.9200 -129.4000 2 351 -189.3100 -104.7000
-3.7595804540e+000 -1.9289303331e+000 -7.1451050092e+000
205 202 197
3 0 336 -218.0500 -134.7400 1 373 -217.9200 -129.4000 2 352 -189.3100 -104.7000
-3.5712429641e+000 -1.7599623268e+000 -7.4956214759e+000
56 53 37
3 0 342 -199.7500 -119.1400 1 515 -199.2200 -115.3400 2 486 -169.0200 -92.9000
-3.5438696527e+000 -1.7384304903e+000 -7.4277992235e+000
56 53 37
2 0 343 -199.7500 -119.1400 1 516 -199.2200 -115.3400
2.0019779441e+000 -1.3109912183e+000 -7.1700565195e+000
140 157 172
2 0 358 142.8500 -89.6800 1 269 122.5700 -88.9100
-1.8290296579e+000 -8.9887155077e-001 -5.8809512927e+000
191 181 162
3 0 360 -115.0300 -83.7100 1 522 -137.1600 -80.5900 2 497 -120.3700 -61.7700
3.8663372601e-001 -8.0297713178e-001 -5.3445561492e+000
148 172 197
10 0 361 57.9400 -80.4800 1 386 16.0100 -77.4200 2 361 22.2700 -70.6000 3 318 -2.7600 -71.4700 4 311 -92.4100 -79.4200 5 328 -150.9200 -68.0400 6 351 -182.9300 -59.1400 7 329 -185.7200 -45.4100 8 335 -192.9000 -45.9200 9 461 -176.3900 -33.5100
-1.7139293975e+000 -7.8339365518e-001 -5.7020236588e+000
118 114 103
2 0 363 -109.2500 -77.5400 1 529 -133.2600 -74.4100
3.8330052324e-001 -7.0523658250e-001 -5.2472930937e+000
64 127 188
4 0 366 58.6200 -73.4000 1 391 15.2000 -70.8200 2 368 22.8600 -63.3000 3 323 -6.8000 -64.7000
-4.6889379122e+000 -1.2931491967e+000 -9.5040521692e+000
46 36 29
3 0 368 -222.2500 -72.9700 1 389 -206.7800 -74.0200 13 409 -213.9300 -68.5900
1.8958438208e-001 -6.4460044067e-001 -5.0643214790e+000
179 187 206
10 0 370 44.5100 -71.2500 1 394 -0.9600 -68.1900 2 256 4.6300 -58.5000 3 233 -27.8700 -58.6700 4 320 -119.9400 -66.9800 5 338 -178.9100 -54.4000 6 239 -208.6800 -41.7500 7 337 -205.6300 -27.5400 8 468 -210.0100 -28.5900 9 477 -188.4800 -17.5500
-1.7557502516e-001 -5.3787876546e-001 -4.6196116258e+000
43 119 181
3 0 371 14.9400 -69.3400 1 281 -36.0800 -64.7200 2 258 -35.7800 -50.9000
3.8157193514e-001 -6.2656845454e-001 -5.2703079476e+000
180 198 220
8 0 373 57.7000 -67.0600 1 397 14.9300 -64.3900 2 371 23.3900 -56.4500 3 328 -5.5600 -57.7700 4 323 -96.3300 -66.1300 5 337 -155.5100 -54.7800 6 362 -186.5200 -44.6400 7 335 -188.7400 -31.3000
5.6998801027e-001 -5.9334584210e-001 -5.4011048400e+000
160 179 202
2 0 374 71.6600 -62.3000 1 399 30.1000 -60.3300
5.6998801027e-001 -5.9334584210e-001 -5.4011048400e+000
160 179 202
2 0 375 71.6600 -62.3000 1 400 30.1000 -60.3300
-5.7520639411e+000 -1.1791822041e+000 -1.0343064714e+001
155 90 71
3 0 376 -253.9800 -62.4700 1 531 -233.6200 -64.1300 2 519 -184.3800 -42.5500
3.1584424832e-001 -5.4325080854e-001 -5.1346289290e+000
35 109 179
8 0 377 54.3700 -61.5100 1 401 9.3800 -59.1700 2 375 15.9700 -50.3800 3 333 -15.1400 -51.1500 4 328 -108.0700 -59.7100 5 345 -167.5700 -47.9200 6 366 -197.9700 -36.0100 7 477 -197.2500 -22.5200
-5.3550497738e+000 -1.0203823740e+000 -1.0445281133e+001
211 211 185
2 0 379 -235.3100 -54.5600 1 403 -215.6400 -57.0500
4.5495861538e-001 -3.6356869667e-001 -5.2568366318e+000
23 105 186
9 0 383 62.9400 -45.6000 1 407 19.9300 -43.6800 2 265 30.0200 -35.2200 3 241 1.0000 -36.6700 4 234 -91.3600 -45.7300 5 244 -151.6700 -34.9000 6 248 -181.8100 -24.1300 7 246 -184.7700 -12.1600 16 380 -76.3500 -126.9800
6.6697766467e+000 -1.2086116338e+000 -1.3234449304e+001
21 16 14
2 0 385 240.6700 -39.4300 1 543 260.3000 -42.2300
6.5860943869e+000 -1.0907392091e+000 -1.3413576709e+001
141 138 129
2 0 386 235.0100 -34.7600 1 409 254.6100 -37.5500
4.0212376421e-001 -2.0264384754e-001 -5.1464456175e+000
8 109 192
9 0 387 59.9900 -32.8300 1 410 15.3000 -31.6400 2 273 24.7700 -22.0800 3 246 -5.5600 -23.1300 4 237 -99.8400 -32.8000 5 251 -160.7300 -21.8400 6 253 -190.3400 -9.6000 7 358 -190.0100 1.8700 8 354 -201.3700 -1.2200
1.4139962378e-001 -1.4568135189e-001 -4.8291593303e+000
156 180 201
9 0 388 41.2300 -30.6800 1 411 -7.9000 -29.2000 2 392 -2.6300 -17.1900 3 349 -37.3500 -16.6200 4 351 -133.6600 -26.7800 5 370 -193.9700 -14.7200 6 384 -222.3100 1.2500 7 368 -215.5600 13.3000 8 491 -222.8000 10.3000
9.1955638092e-001 -1.9796719150e-001 -5.7334499318e+000
145 181 214
2 0 390 93.7700 -28.2200 1 298 55.7400 -27.1100
6.5834352544e+000 -7.8341111582e-001 -1.3213861895e+001
135 138 137
2 0 391 238.1400 -24.3300 1 413 257.1300 -26.9300
8.2650894056e-001 -1.2537768567e-001 -5.5969763064e+000
36 113 182
3 0 393 88.6200 -23.3700 1 416 48.9100 -22.7200 2 393 64.6000 -16.2800
8.2698049060e-001 -1.2490970871e-001 -5.5940047818e+000
36 113 182
9 0 394 88.6200 -23.3700 1 417 48.9100 -22.7200 2 394 64.6000 -16.2800 3 247 41.0100 -19.2700 4 238 -50.6100 -28.7600 5 252 -111.0000 -19.8500 6 252 -140.4100 -12.4700 7 354 -148.2200 -3.2800 8 351 -166.9500 -6.8400
4.8232245485e-001 -1.3201857749e-003 -5.1696879194e+000
25 119 185
10 0 398 67.2700 -15.4900 1 420 21.5900 -15.0600 2 399 32.3000 -5.4500 3 353 2.0400 -6.5100 4 355 -93.0200 -17.0600 5 374 -154.7300 -6.5700 6 389 -183.4200 5.9800 7 508 -184.0700 16.2500 8 493 -197.1100 12.0900 9 729 -180.8200 19.2800
9.3387266306e-001 7.4216054564e-002 -5.6580573807e+000
35 110 184
9 0 404 95.4900 -7.9700 1 423 55.6100 -7.9400 2 284 73.8400 -1.2300 3 254 52.2100 -4.0200 4 244 -38.9500 -13.3900 5 259 -99.6100 -4.5400 6 174 -128.5100 2.4600 7 250 -137.9200 10.5300 8 257 -160.6000 6.5300
3.9108209251e-001 1.5704957289e-001 -5.0171625751e+000
17 106 189
9 0 406 61.2900 -2.8200 1 424 13.0800 -2.8300 2 404 23.0000 8.1000 3 260 -9.3900 7.6100 4 252 -106.5000 -3.4900 5 377 -168.0100 7.0600 6 270 -196.3500 21.8100 7 375 -193.4600 31.4500 8 370 -206.6000 27.1800
3.3787959689e-002 2.0362809133e-001 -4.6109009520e+000
156 173 192
7 0 407 32.1100 -1.5000 1 425 -20.7000 -1.3900 2 405 -16.3300 13.0800 6 397 -238.9000 32.5800 7 530 -227.5300 42.7800 11 521 -29.4200 26.0800 10 542 -65.4200 22.5200
3.3787959689e-002 2.0362809133e-001 -4.6109009520e+000
156 173 192
7 0 408 32.1100 -1.5000 1 426 -20.7000 -1.3900 2 406 -16.3300 13.0800 6 398 -238.9000 32.5800 7 531 -227.5300 42.7800 11 522 -29.4200 26.0800 10 543 -65.4200 22.5200
6.5115299332e+000 -6.3299774401e-002 -1.3017195420e+001
126 122 121
2 0 409 238.8600 1.5000 1 314 256.7000 -0.9300
2.3879071759e-001 2.2437336903e-001 -4.8233687040e+000
161 189 212
9 0 412 49.2800 1.9800 1 315 -0.8600 2.0800 2 293 6.9000 14.8900 3 262 -27.6900 15.1600 4 254 -126.0400 3.4300 5 267 -188.0000 14.4700 6 276 -215.1700 31.0400 7 379 -208.9800 40.7200 8 376 -220.4800 36.1600
-1.4288681373e+000 2.7905055270e-001 -5.2470033184e+000
58 108 163
2 0 413 -94.5600 5.0000 1 577 -126.2300 2.5200
6.5125137265e-001 3.6102426653e-001 -5.2516419514e+000
20 108 185
10 0 415 79.5800 14.9800 1 431 35.0800 13.5600 2 300 48.5200 24.0100 3 265 20.3400 22.6100 4 260 -76.7200 11.4600 5 271 -139.8500 21.2900 6 277 -166.7200 33.7700 7 261 -168.0800 41.6100 8 262 -186.9500 37.1000 9 364 -174.6900 42.2000
6.5125137265e-001 3.6102426653e-001 -5.2516419514e+000
20 108 185
10 0 416 79.5800 14.9800 1 432 35.0800 13.5600 2 301 48.5200 24.0100 3 266 20.3400 22.6100 4 261 -76.7200 11.4600 5 272 -139.8500 21.2900 6 278 -166.7200 33.7700 7 262 -168.0800 41.6100 8 263 -186.9500 37.1000 9 365 -174.6900 42.2000
1.7644235096e-001 3.7375910713e-001 -4.7150046346e+000
157 194 221
9 0 417 43.8300 15.5400 1 433 -7.5700 14.7500 2 408 -0.0500 28.5800 3 360 -35.6300 29.0000 4 365 -135.0300 16.3200 5 382 -197.1900 27.3200 6 402 -223.7000 45.2600 7 535 -215.2200 54.2200 8 524 -227.7500 49.5500
6.8915911136e+000 4.1856390572e-001 -1.2478363373e+001
24 21 17
2 0 420 261.1800 19.2800 1 434 278.9000 18.0900
6.1317248388e+000 4.2407626369e-001 -1.1667021256e+001
54 46 40
3 0 421 248.5600 20.2200 1 435 266.6500 18.4800 13 235 226.6300 179.2200
-1.8038591022e-001 9.2883073740e-001 -4.2239168203e+000
31 93 164
4 0 435 13.8500 71.0500 1 606 -45.6000 66.0000 2 578 -41.8900 84.9700 3 680 -83.1900 85.1100
6.5158987540e+000 2.3458037173e+000 -1.2583857775e+001
117 98 64
2 0 436 244.7900 91.1400 1 443 260.2500 91.1300
-1.2903567128e+000 1.3954852264e+000 -4.9764479266e+000
46 91 144
3 0 438 -87.4900 102.1700 1 445 -124.7900 92.6000 2 426 -106.5300 112.2500
-2.1866833863e+000 1.6219063669e+000 -5.8346409703e+000
60 92 142
3 0 439 -147.1800 106.0300 1 612 -167.1100 95.2700 2 824 -137.3500 114.8600
-2.1900868371e+000 1.7806294208e+000 -5.8770660393e+000
47 118 161
3 0 440 -146.6200 118.1100 1 448 -166.5100 105.7100 2 427 -135.6800 124.2600
4.7740540606e-001 1.6964349793e+000 -4.5603448989e+000
146 157 172
11 0 443 70.5200 137.3700 1 449 13.3400 130.0800 2 428 26.7400 148.0200 3 376 -9.9700 148.6100 5 399 -187.5900 138.5000 6 414 -209.6200 160.3100 7 402 -200.8100 159.2500 8 536 -228.1900 152.8300 11 409 21.2100 167.4600 12 379 -0.5400 166.8000 10 574 -31.9000 160.7600
4.7609209208e-001 1.7322994023e+000 -4.7204892485e+000
146 157 172
3 0 444 70.5200 137.3700 1 451 13.3400 130.0800 11 410 21.2100 167.4600
6.6251765391e+000 4.5648218043e+000 -1.3392780429e+001
201 196 178
2 0 451 232.2800 164.9900 1 457 248.5900 165.5800
-1.9849972679e+000 2.3577464476e+000 -5.5708353335e+000
152 152 152
2 0 453 -136.5100 167.9400 1 625 -161.5200 152.2200
-5.0691996556e-001 1.9678387349e+000 -4.2969961659e+000
174 183 196
3 0 455 -20.2300 170.0100 1 630 -76.4000 157.0700 2 614 -64.4100 178.3900
7.3789979187e+000 5.2534139378e+000 -1.3811814062e+001
218 206 192
2 0 461 249.2000 183.5800 1 466 267.6900 185.5100
7.3789979187e+000 5.2534139378e+000 -1.3811814062e+001
218 206 192
2 0 462 249.2000 183.5800 1 467 267.6900 185.5100
7.8041354355e+000 5.5458207342e+000 -1.4171916850e+001
25 31 23
2 0 464 256.3800 189.1700 1 468 276.2900 191.4100
4.5244246897e+000 5.3035512351e+000 -1.2664832612e+001
76 84 87
3 0 467 169.1000 200.9900 1 344 177.7500 199.2100 2 217 254.1300 203.5800
8.2597367213e+000 6.3405319937e+000 -1.4114541690e+001
140 134 138
2 0 470 270.7200 215.2400 1 474 290.3200 218.8300
-2.5376767293e+000 -2.4878386150e+000 -5.1013528811e+000
39 45 47
3 0 475 -179.0000 -225.2300 1 483 -202.5300 -208.9900 2 678 -197.4000 -180.3000
-2.5252208243e+000 -2.4754061818e+000 -5.0742657260e+000
39 45 47
5 0 476 -179.0000 -225.2300 1 484 -202.5300 -208.9900 2 679 -197.4000 -180.3000 3 599 -205.3900 -163.5500 4 813 -255.2500 -165.0300
-4.2404351378e-001 -2.4611417301e+000 -5.0346041095e+000
226 226 224
5 0 477 -5.0000 -223.7800 1 478 -45.7900 -212.5700 2 657 -50.5000 -202.4100 3 414 -83.3700 -197.3800 4 762 -161.9800 -198.7900
1.1132521487e+000 -2.4968313087e+000 -5.5190706521e+000
219 220 214
2 0 482 112.0400 -205.1600 1 672 75.3200 -200.1900
1.2752029269e+000 -2.4903517024e+000 -5.6620217837e+000
224 225 216
3 0 484 121.7300 -199.9200 1 493 86.1300 -195.6200 2 450 92.4200 -203.2000
-3.5244774325e+000 -2.1969547852e+000 -5.8937694744e+000
149 117 74
2 0 487 -233.6800 -178.3500 1 504 -242.2000 -168.4600
-1.7755293485e+000 -2.1229237763e+000 -6.1492853337e+000
208 208 198
3 0 492 -104.3900 -167.4800 1 686 -124.0900 -159.2300 2 685 -111.4700 -141.3200
7.0513557650e+000 -2.9859408285e+000 -1.4378493934e+001
8 8 8
2 0 516 234.5800 -93.4500 1 379 258.4400 -98.8400
-2.0663867979e+000 -9.8602111605e-001 -6.0416544192e+000
41 88 146
2 0 518 -130.2100 -88.2000 1 714 -148.4500 -85.5100
4.7849976584e-001 -7.9164905893e-001 -5.4327079993e+000
129 155 182
3 0 523 64.0600 -78.1400 1 527 23.6500 -75.2600 2 365 33.0000 -68.9000
4.7849976584e-001 -7.9164905893e-001 -5.4327079993e+000
129 155 182
3 0 524 64.0600 -78.1400 1 528 23.6500 -75.2600 2 366 33.0000 -68.9000
6.6420549519e+000 -2.4583400240e+000 -1.5542399801e+001
47 47 37
3 0 526 206.8900 -71.4400 1 525 230.0200 -75.6300 2 480 298.3700 -96.4700
6.6420549519e+000 -2.4583400240e+000 -1.5542399801e+001
47 47 37
3 0 527 206.8900 -71.4400 1 526 230.0200 -75.6300 2 481 298.3700 -96.4700
1.3586770491e-001 -4.8189863989e-001 -4.9255831150e+000
172 198 226
4 0 530 40.0800 -59.2800 1 533 -6.7700 -56.4400 2 516 -1.9200 -45.6700 5 468 -189.5400 -41.6200
5.2229595191e-001 -5.1678331700e-001 -5.3559085190e+000
27 115 182
9 0 532 68.0700 -56.6500 1 536 26.1900 -54.6200 2 376 36.1300 -47.5900 3 337 8.3000 -49.6200 4 331 -83.0500 -58.3400 5 344 -142.9100 -47.7900 6 365 -174.0200 -38.6400 7 339 -177.6300 -26.4300 8 470 -189.9200 -27.8500
5.0471184608e+000 -1.0057552247e+000 -1.2913143576e+001
187 187 186
3 0 544 190.4500 -34.6900 1 544 203.7800 -37.6200 2 509 266.5400 -52.2600
